209.8233764908629
209.82337702730467
209.82337702730467
209.82337702730467
209.82337702730467
209.82337702730467
209.82337702730467
209.82337724950614
209.82337724950614
209.82337724950614
209.82337724950614
334.878000582625
334.8780011190668
334.8780011190668
334.8780011190668
334.8780011190668
334.8780011190668
334.8780011190668
334.87800134126826
334.87800134126826
334.87800134126826
334.8780013412683
540.85335536562
540.8533559020618
540.8533559020618
540.8533559020618
540.8533559020618
540.8533559020618
540.8533559020618
540.8533561242633
540.8533561242633
540.8533561242632
540.8533561242633
828.0919425590539
828.0919430954958
828.0919430954958
828.0919430954958
828.0919430954958
828.0919430954958
828.0919430954958
828.0919433176972
828.0919433176972
828.0919433176972
828.0919433176972
1158.4222191229112
1158.422219659353
1158.422219659353
1158.422219659353
1158.4222196593528
1158.422219659353
1158.422219659353
1158.4222198815544
1158.4222198815544
1158.4222198815544
1158.4222198815546
1397.6853832101242
1397.685383746566
1397.685383746566
1397.685383746566
1397.685383746566
1397.685383746566
1397.685383746566
1397.6853839687674
1397.6853839687674
1397.6853839687674
1397.6853839687674
1487.07687723752
1487.0768777739618
1487.0768777739618
1487.0768777739618
1487.0768777739618
1487.0768777739618
1487.0768777739618
1487.0768779961631
1487.0768779961631
1487.0768779961631
1487.0768779961631
1497.447848782764
1497.4478493192057
1497.4478493192057
1497.4478493192057
1497.4478493192057
1497.4478493192057
1497.4478493192057
1497.4478495414075
1497.4478495414073
1497.4478495414073
1497.4478495414073
1497.5999612187343
1497.599961755176
1497.599961755176
1497.599961755176
1497.599961755176
1497.599961755176
1497.599961755176
1497.5999619773777
1497.5999619773777
1497.5999619773775
