[]
[]
[]
[]
[]
[]
[]
[]
[]
[]
[]
[]
83.92935059634516
83.92935059634516
83.92935059634516
83.92935059634516
83.92935059634516
83.92935059634516
83.92935059634516
83.92935059634516
83.92935059634516
83.92935059634516
83.92935059634516
83.92935059634516
136.5809598770726
136.5809598770726
136.5809598770726
136.5809598770726
136.5809598770726
136.5809598770726
136.5809598770726
136.5809598770726
136.5809598770726
136.5809598770726
136.5809598770726
136.5809598770726
108.27728793047355
108.27728793047355
108.27728793047355
108.27728793047355
108.27728793047355
108.27728793047355
108.27728793047355
108.27728793047355
108.27728793047355
108.27728793047355
108.27728793047355
108.27728793047355
185.4451741015884
185.4451741015884
185.4451741015884
185.4451741015884
185.4451741015884
185.4451741015884
185.4451741015884
185.4451741015884
185.4451741015884
185.4451741015884
185.4451741015884
185.4451741015884
333.0241218440618
333.0241218440618
333.0241218440618
333.0241218440618
333.0241218440618
333.0241218440618
333.0241218440618
333.0241218440618
333.0241218440618
333.0241218440618
333.0241218440618
333.0241218440618
567.955460279464
567.955460279464
567.955460279464
567.955460279464
567.955460279464
567.955460279464
567.955460279464
567.955460279464
567.955460279464
567.955460279464
567.955460279464
567.955460279464
889.83394923912
889.83394923912
889.83394923912
889.83394923912
889.83394923912
889.83394923912
889.83394923912
889.83394923912
889.83394923912
889.83394923912
889.83394923912
889.83394923912
1215.7979427883283
1215.7979427883283
1215.7979427883283
1215.7979427883283
1215.7979427883283
1215.7979427883283
1215.7979427883283
1215.7979427883283
1215.7979427883283
1215.7979427883283
1215.7979427883283
1215.7979427883283
1427.3094338465155
1427.3094338465155
1427.3094338465155
1427.3094338465155
1427.3094338465155
1427.3094338465155
1427.3094338465155
1427.3094338465155
1427.3094338465155
1427.3094338465155
1427.3094338465155
1427.3094338465155
1492.220437280579
1492.220437280579
1492.220437280579
1492.220437280579
1492.220437280579
1492.220437280579
1492.220437280579
1492.220437280579
1492.220437280579
1492.220437280579
1492.220437280579
1492.220437280579
1497.5582388127596
1497.5582388127596
1497.5582388127596
1497.5582388127596
1497.5582388127596
1497.5582388127596
1497.5582388127596
1497.5582388127596
1497.5582388127596
1497.5582388127596
1497.5582388127596
1497.5582388127596
